$ 1 0.000005 10.20027730826997 50 5 50 5e-11
x 25 54 274 57 4 24 Aidan\sMorris\s-\s10/24/22
L 128 272 128 192 0 0 false 5 0
L 160 240 160 192 0 0 false 5 0
150 144 304 144 416 0 2 0 5
w 128 272 128 304 0
w 160 240 160 304 0
w 160 240 240 240 0
w 240 240 240 304 0
w 128 272 208 272 0
w 208 272 208 304 0
154 224 304 224 416 0 2 0 5
M 224 416 224 464 0 2.5
M 144 416 48 416 0 2.5
x 91 135 199 138 4 24 half-adder
x 105 177 117 180 4 18 A
x 168 177 180 180 4 18 B
x 206 358 245 361 4 18 XOR
x 122 364 165 367 4 18 AND\s
x 232 436 266 439 4 18 sum
x 63 433 133 436 4 18 carry\sout
x 28 771 98 774 4 18 carry\sout
x 342 792 376 795 4 18 sum
x 302 647 341 650 4 18 XOR
x 249 527 261 530 4 18 B
x 214 526 226 529 4 18 A
M 80 752 32 752 0 2.5
M 336 768 336 816 0 2.5
154 320 608 320 688 0 2 0 5
w 224 608 304 608 0
L 224 608 224 544 0 0 false 5 0
L 256 592 256 544 0 0 false 5 0
x 70 576 170 579 4 24 full-adder
L 352 688 448 688 0 0 false 5 0
x 366 686 425 689 4 18 carry\sin
w 336 608 336 592 0
w 336 592 256 592 0
154 336 704 336 768 0 2 0 5
x 316 731 355 734 4 18 XOR
w 352 688 272 688 0
w 352 688 352 704 0
w 320 688 320 704 0
150 176 624 176 736 0 2 0 5
152 240 624 240 688 0 2 0 5
150 256 688 256 768 0 2 0 5
w 224 608 160 608 0
w 160 608 160 624 0
w 256 592 192 592 0
w 192 592 192 624 0
w 224 608 224 624 0
w 256 592 256 624 0
152 176 752 80 752 0 2 0 5
w 256 768 176 768 0
x 152 682 195 685 4 18 AND\s
x 237 730 280 733 4 18 AND\s
x 226 659 253 662 4 18 OR
x 115 757 142 760 4 18 OR
