$ 1 0.000005 10.20027730826997 50 5 50 5e-11
x -9 27 125 30 4 24 Aidan\sMorris
x -12 52 81 55 4 24 10/03/22
151 224 128 432 128 0 2 0 5
w 224 112 160 128 0
L 160 128 16 128 0 1 false 5 0
M 432 128 560 128 0 2.5
w 160 128 224 144 0
x -15 87 76 90 4 20 NOT\sGate
151 144 224 352 224 0 2 5 5
L 144 208 16 208 0 0 false 5 0
L 144 240 16 240 0 0 false 5 0
151 400 224 608 224 0 2 0 5
w 352 224 400 208 0
w 352 224 400 240 0
x -12 168 79 171 4 20 AND\sGate
x -8 284 70 287 4 20 OR\sGate
151 112 320 304 320 0 2 5 5
151 336 352 464 352 0 2 0 5
L 64 320 16 320 0 0 false 5 0
L 64 400 16 400 0 0 false 5 0
M 608 224 736 224 0 2.5
M 464 352 672 352 0 2.5
151 112 400 304 400 0 2 5 5
w 64 320 112 304 0
w 64 320 112 336 0
w 64 400 112 384 0
w 64 400 112 416 0
w 304 320 336 336 0
w 304 400 336 368 0
x -11 446 81 449 4 20 XOR\sGate
w 288 768 320 736 0
w 288 688 320 704 0
w 48 768 96 784 0
w 48 768 96 752 0
w 48 688 96 704 0
w 48 688 96 672 0
151 96 768 288 768 0 2 5 5
L 48 768 0 768 0 0 false 5 0
L 48 688 0 688 0 0 false 5 0
151 320 720 448 720 0 2 0 5
151 96 688 288 688 0 2 5 5
x -10 634 83 637 4 20 NOR\sGate
w 448 720 512 736 0
M 720 720 848 720 0 2.5
w 512 704 448 720 0
151 512 720 720 720 0 2 5 5
151 320 480 464 480 0 2 5 5
151 320 544 464 544 0 2 0 5
w 128 544 192 560 0
L 64 480 0 480 0 0 false 5 0
w 192 528 128 544 0
151 192 544 288 544 0 2 5 5
w 128 608 192 624 0
L 64 560 0 560 0 0 false 5 0
w 192 592 128 608 0
151 192 608 288 608 0 2 5 5
w 64 480 320 464 0
w 64 560 64 512 0
w 64 512 320 496 0
w 64 560 128 608 0
w 64 480 128 544 0
w 288 544 320 528 0
w 288 608 320 560 0
151 496 512 704 512 0 2 5 5
w 464 480 496 496 0
w 496 528 464 544 0
w 704 512 768 528 0
M 976 512 1104 512 0 2.5
w 768 496 704 512 0
151 768 512 976 512 0 2 0 5
